3
2 3 0
3 1 2 0
0
3 1 2 3
8
2 3 4 8 0
3 1 6 0
4 3 5 7 0
5 2 3 6 8 0
6 1 3 4 5 0
7 1 3 5 6 0
8 2 3 4 5 0
0
8 1 2 3 4 5 6 7 8
4
1 2 4 0
2 3 0
3 1 2 4 0
4 1 2 0
0
4 1 2 3 4
1
0
1 1
9
1 6 8 0
2 1 4 6 9 0
3 2 4 5 8 9 0
4 5 7 0
5 1 3 4 8 9 0
6 2 3 4 5 7 9 0
7 1 2 3 4 0
8 1 2 3 4 6 9 0
9 1 2 5 7 0
0
9 1 2 3 4 5 6 7 8 9
8
1 2 3 8 0
2 1 3 5 6 7 8 0
3 4 0
4 1 3 0
5 1 3 7 8 0
6 2 4 7 8 0
7 6 0
8 4 6 7 0
0
8 1 2 3 4 5 6 7 8
9
1 3 4 0
2 1 4 5 9 0
3 4 7 8 0
4 1 2 5 6 7 8 9 0
5 1 3 4 8 9 0
6 2 3 5 7 8 9 0
7 2 3 8 9 0
8 2 4 6 9 0
9 1 2 3 5 7 0
0
9 1 2 3 4 5 6 7 8 9
10
1 7 9 10 0
2 3 4 5 7 0
3 1 2 8 10 0
4 3 5 0
5 1 3 6 0
6 1 2 7 10 0
7 8 9 0
8 1 2 3 4 5 6 9 0
9 2 3 5 8 0
10 1 2 4 7 0
0
10 1 2 3 4 5 6 7 8 9 10
10
1 2 4 5 6 0
2 1 5 6 7 10 0
3 2 4 6 8 9 0
4 2 3 5 7 9 0
5 1 3 4 6 7 8 0
6 1 3 5 9 10 0
7 6 8 9 0
8 2 3 4 6 9 0
9 1 2 3 4 6 0
10 1 3 6 7 8 9 0
0
10 1 2 3 4 5 6 7 8 9 10
7
1 5 0
2 4 0
3 1 2 4 6 0
4 1 2 3 0
5 4 6 7 0
6 5 0
7 2 5 0
0
7 1 2 3 4 5 6 7
0
