100 185
898 990
609 641
751 768
969 975
150 217
356 361
456 509
495 576
13 60
549 596
905 944
472 500
629 695
345 399
531 596
166 215
298 315
923 964
357 363
602 668
551 582
514 538
204 258
567 638
21 79
440 481
522 570
938 1038
710 797
778 868
558 630
6 46
708 788
529 592
869 926
365 412
676 711
343 374
881 942
144 204
879 937
957 960
464 528
403 408
385 483
658 749
113 142
860 931
125 151
311 373
867 877
815 883
566 652
639 660
889 940
215 304
688 739
847 848
191 289
380 449
923 943
37 108
622 662
30 75
350 418
711 809
600 610
571 572
353 395
20 70
142 226
965 986
727 812
972 1031
523 582
367 396
358 364
536 627
782 819
532 616
13 55
891 915
451 527
521 570
839 881
327 353
179 239
819 840
60 101
811 822
750 786
133 226
425 482
812 839
255 316
502 591
809 833
582 612
575 582
919 1009
82 128
934 941
193 277
990 1004
657 679
241 289
192 287
720 772
422 427
709 776
699 738
465 511
33 34
332 419
826 868
461 526
388 487
880 926
298 333
312 334
304 313
547 587
113 139
414 464
371 407
28 72
407 485
725 758
116 117
244 303
825 864
963 1056
915 993
830 889
402 475
18 59
211 277
868 925
653 684
194 284
686 754
498 549
874 936
229 239
516 591
788 838
927 977
437 523
336 415
35 68
722 730
651 746
668 674
455 541
829 902
564 664
624 700
636 638
36 61
857 946
703 739
506 541
910 985
142 184
139 168
286 309
835 917
837 895
838 843
771 809
486 527
465 520
853 949
635 689
641 729
53 56
888 897
524 558
790 797
586 680
508 608
464 515
396 467
702 754
596 598
698 703
805 822
959 960
756 760
304 378
217 281
210 239
266 311
851 890
368 416
709 756
946 1005
316 415
712 766
396 432
519 538
229 315
507 600
511 526
951 1034
878 903
572 661
861 921
640 702
943 998
610 671
385 389
735 747
395 429
967 996
883 951
152 184
109 156
90 148
526 597
772 806
383 483
541 610
221 308
978 1053
537 581
545 563
462 528
154 166
410 510
297 372
660 742
585 649
495 560
308 358
995 1080
480 505
980 1012
461 552
854 895
158 234
247 277
980 1049
879 899
757 831
588 639
599 631
542 601
707 730
422 429
650 710
286 347
802 879
722 739
676 757
943 1028
576 675
591 632
616 663
784 800
580 591
877 879
366 440
577 654
65 92
775 835
82 152
347 386
237 298
473 566
463 543
879 957
221 310
842 868
920 947
757 767
318 400
55 154
179 200
121 194
15 104
517 569
459 531
754 758
523 558
945 1007
344 429
407 495
950 982
962 968
970 982
536 593
321 379
295 327
123 134
364 457
270 323
65 75
6 103
8318729 8993869
6166114 7022377
3417326 3752795
1261907 1392308
1381611 2043970
7247105 7750998
8968421 9620648
532360 670271
5568189 6474518
6892360 7648159
1002024 1120265
3867290 4531687
6870076 7172236
7031437 7839670
1099110 1779191
6260866 6266078
424547 1269960
1483878 2023217
4296436 4709802
9182278 9620511
4788338 5649327
4063623 4473234
3034408 3604596
2054597 2536758
2478355 3216340
2394409 2857873
3887072 4745941
2634491 3388498
5356770 5582919
7143367 8015005
4619688 5197471
6298420 7096439
1546576 1775112
2492777 3183782
3228368 3239964
7166906 7367409
4079156 5066617
1415490 2344229
7096904 7645547
3039805 3941280
3937720 4750981
340628 371767
312193 697899
7285571 7499995
2165164 2326850
1223754 1479949
5932872 6606076
5407740 5412809
4930264 5384575
5222681 5418249
11870950 12569967
1516201351 1516662424
1093797629 1094349966
1229345350 1229683789
1240503904 1241231893
1299711644 1300599337
1553927569 1554569033
1553824027 1554735507
1028663700 1028909597
309632638 310299037
448631417 449420308
868186120 868735924
974033531 974658794
1491180970 1491491450
236702311 236837074
1987567056 1988366123
1101619309 1101872473
1715788395 1716516456
655489956 656132655
613397986 613646171
482615969 482772300
12392043 13136632
394449591 394497909
687005447 687460777
1233094937 1233641292
1237195365 1238004524
935992896 936179105
1631123295 1631800781
1406082820 1406488171
1559455287 1559678387
5838803 6482932
969708293 969983281
488408390 489213856
1574012598 1574851258
1888688478 1889224038
107417723 107474432
1983904454 1984363401
1915921698 1915926362
1342152536 1342968806
1059725116 1060238188
1738541119 1739028449
1927543274 1928236472
1541175939 1541914662
760644421 761482996
562420568 563419724
1802410408 1803397244
68823986 69250573
1108544977 1109338890
117838247 118492911
165481020 165581985
