751 835
696 777
742 783
322 348
425 457
710 778
980 1013
915 990
792 797
858 908
70 86
592 605
661 718
145 149
856 883
781 819
281 365
921 954
457 531
55 87
812 847
388 408
107 198
804 810
222 295
31 109
537 572
145 197
343 377
148 218
548 555
134 206
367 433
557 654
943 952
471 525
265 270
889 903
691 777
429 504
15 51
72 166
686 717
431 478
61 120
742 761
602 636
807 844
865 939
263 360
993 1029
334 419
918 985
826 847
58 62
540 626
879 921
736 799
392 440
406 498
247 343
298 394
955 999
295 296
331 410
463 466
965 1006
986 1034
997 998
613 710
95 105
238 316
720 722
231 311
273 280
735 761
635 696
727 812
105 174
712 724
797 831
310 367
228 269
870 891
5 90
862 951
141 148
593 693
116 192
300 322
5 89
114 158
759 846
175 180
403 430
475 487
209 275
90 110
394 447
311 360
531 620
285 307
81 140
100 121
509 593
481 504
295 320
690 761
622 636
712 788
973 987
72 100
265 268
199 233
490 516
378 449
286 313
94 175
302 318
553 629
910 920
376 425
847 899
359 395
636 735
454 505
197 211
167 228
828 879
894 978
226 249
595 669
98 155
657 666
391 404
643 729
223 314
485 552
657 730
209 211
908 947
623 708
143 180
108 142
692 755
272 289
386 433
886 919
415 441
105 107
740 835
432 439
590 656
209 248
331 387
208 231
237 253
830 864
837 878
269 278
797 874
149 231
519 578
39 96
597 697
645 683
660 684
998 1074
601 650
372 422
252 253
768 813
18 61
203 297
813 890
675 690
465 555
373 448
450 451
402 441
102 107
880 966
788 816
175 203
747 803
640 659
464 478
882 964
986 1075
251 286
919 976
32 106
991 1068
875 923
434 436
680 767
531 565
441 539
769 787
937 1015
110 210
369 372
753 846
380 398
353 413
665 697
897 921
889 911
411 496
248 304
931 935
793 859
608 650
299 326
49 51
67 99
992 1061
642 687
122 162
139 186
960 994
57 136
519 527
323 404
565 575
235 269
33 98
644 677
15 20
596 683
792 872
629 661
567 585
707 784
743 760
310 398
983 1074
252 333
209 278
572 631
505 603
446 509
676 766
93 189
32 47
244 325
489 541
791 828
259 342
668 693
445 523
28 84
652 654
142 202
645 742
430 513
208 277
779 865
15 24
219 288
37 74
55 139
541 574
962 964
169 194
153 174
365 406
10 25
20 115
498 591
958 1019
311 374
765 781
135 136
706 707
845 912
877 929
202 250
699 760
899 929
459 557
932 999
65 77
969 1034
657 702
563 632
661 698
675 771
97 189
23 106
993 1008
912 926
945 1030
593 609
649 676
717 753
763 861
119 176
724 804
886 889
